1
1
207
1
1
1
1
1
207
1
1
207
2
1
1
1
1
2
1
1
2
207
1
1
2
1
2
1
1
207
3
1
1
2
1
2
2
1
2
1
2
1
207
1
1
1
1
2
2
1
1
2
1
1
207
1
1
2
1
1
207
1
2
1
1
1
1
207
1
1
207
207
1
2
1
1
1
1
207
1
1
1
2
207
1
1
1
1
207
207
1
2
1
1
1
1
1
1
207
207
1
1
1
1
207
2
1
1
1
1
207
1
1
207
207
1
1
1
1
1
1
1
1
1
1
1
207
207
207
1
1
153
207
1
207
207
1
207
1
1
211
1
1
1
1
2
207
207
1
1
1
1
153
1
207
207
1
2
1
1
207
1
207
1
1
1
1
1
1
1
2
207
1
1
1
1
1
207
208
207
1
1
1
207
1
1
1
1
1
153
207
1
207
208
207
1
1
1
207
208
1
1
1
1
1
1
1
1
207
1
207
207
1
1
1
1
1
1
1
207
1
1
1
207
1
1
1
154
207
1
1
207
1
1
207
207
1
