59
59
55
59
59
60
59
59
55
59
59
55
71
59
59
0
60
71
59
59
71
55
70
59
71
59
59
59
59
60
71
59
0
71
0
59
71
59
71
0
71
59
55
59
59
59
59
71
59
59
61
71
59
59
55
59
59
0
59
59
57
59
60
59
55
59
55
55
55
59
55
55
59
59
59
59
59
59
55
59
59
59
59
55
60
59
59
59
55
55
59
59
59
59
0
59
59
59
63
55
59
59
59
0
55
60
59
0
59
59
55
59
59
55
55
59
59
59
0
59
59
59
59
0
59
59
55
55
55
59
59
0
55
59
55
55
59
55
59
0
5
59
59
59
59
71
55
55
0
60
59
59
0
59
55
55
59
59
0
59
55
59
55
0
59
59
59
59
0
59
59
55
59
0
59
0
59
0
70
55
59
59
59
55
0
60
59
59
59
0
55
59
55
69
55
59
59
59
60
0
59
55
0
59
59
0
0
55
55
59
55
55
59
59
0
59
59
59
0
55
59
60
59
55
59
59
59
0
55
59
59
55
60
61
55
55
59
